4329103
4322302
1422300
4541206
2330305
4649401
3299006
7732202
6110803
6021700
4313400
1013901
4120400
7319002
8800600
7119799
5620103
4618499
5211799
1629301
4391600
2330302
1094500
2071100
6622300
1011201
5211701
1051100
4623103
3311200
8112500
4722902
5813100
4399103
1091102
4211101
3313999
0112101
7490199
8219901
7420001
7810800
4635401
0111301
3101200
2441501
4617600
5812301
2511000
2950600
1092900
4645101
7911200
4722901
1311100
4639701
4321500
7721700
2833000
1061901
4541203
9603305
1099604
6190699
5099899
2513600
7119703
6209100
8411600
7410202
4687703
6463800
3314709
4679604
8211300
2399101
0115600
8888888
2930103
7490101
4681803
7020400
5212500
9313100
2219600
1413401
3511501
2052500
0113000
0133402
4922102
1052000
1012101
6190601
1622699
0152102
4330404
3321000
2829199
2512800
4399199
1412601
1352900
8020001
7731400
1066000
1830002
3314799
4683400
1359600
4329199
3514000
4921302
7490103
3314712
4623106
4330403
6462000
0162899
6499999
4922101
8129000
1081302
9329801
7723300
0161001
7722500
7733100
8412400
8011101
3250706
6619302
8550301
1813099
0161003
1091101
3329599
4613300
1932200
4329101
4921301
3314702
0111302
2330301
3329501
3831901
1412602
4399105
4611700
4619200
8219999
0151201
4692300
4930203
0154700
1539400
7120100
4221902
7312200
2062200
3299099
3811400
4729601
0121101
4622200
4637199
2013402
4623199
3839499
6422100
5913800
6810203
4211102
0111399
4637106
7210000
2543800
4930204
0155505
1041400
8230001
0810006
2542000
1822999
3313901
1749400
4642702
4110700
1340599
7719599
3831999
1099699
8020002
1032599
6612605
4616800
4612500
4929901
4679699
3314710
1096100
7311400
1813001
5819100
4681802
4930202
4213800
4723700
0220901
4212000
7739099
8130300
8122200
7739003
5229099
0119905
1071600
2229399
4530706
7820500
4634601
7500100
7711000
0159899
0141501
3702900
4632001
2532201
2731700
1931400
1629302
0161099
7319003
4929902
6810202
2330399
8121400
3299003
0810099
4541204
4721104
4511103
1063500
6491300
4292802
8230002
7119704
1610204
4292801
2539001
1053800
7490104
3314705
4721102
1412603
4330405
3314707
4511102
2319200
4299599
2391503
1093701
9001902
7729202
6319400
8299707
9329899
4614100
3314711
4623108
4923002
2599301
4511101
4721103
1122401
8299799
4330499
9001906
7319099
4930201
8291100
6010100
5912099
8430200
4724500
4639702
